<?xml version="1.0"?>
<opencv_storage>
<intrinsic type_id="opencv-matrix">
  <rows>3</rows>
  <cols>3</cols>
  <dt>d</dt>
  <data>
    4.4132497321146502e+02 0. 4.0926128956639116e+02 0.
    4.3684378876294898e+02 2.3855054788220801e+02 0. 0. 1.</data></intrinsic>
<distortion type_id="opencv-matrix">
  <rows>1</rows>
  <cols>5</cols>
  <dt>d</dt>
  <data>
    3.8009315102488762e-02 -1.3003451359076742e-02
    1.6387665156478187e-05 8.8420082808699473e-03 1.7256563440786431e-02</data></distortion>
</opencv_storage>
