<?xml version="1.0"?>
<opencv_storage>
<intrinsic type_id="opencv-matrix">
  <rows>3</rows>
  <cols>3</cols>
  <dt>d</dt>
  <data>
    1.3765298271707172e+03 0. 4.4851315478584411e+02 0.
    5.7635010839910206e+02 4.8675713498279958e+02 0. 0. 1.</data></intrinsic>
<distortion type_id="opencv-matrix">
  <rows>1</rows>
  <cols>5</cols>
  <dt>d</dt>
  <data>
    2.7490641550787501e+01 -3.6364940390758738e+02
    -7.0074147221903882e-01 -1.7342802758482700e-01
    1.3123855056743653e+03</data></distortion>
</opencv_storage>
