<?xml version="1.0"?>
<opencv_storage>
<intrinsic type_id="opencv-matrix">
  <rows>3</rows>
  <cols>3</cols>
  <dt>d</dt>
  <data>
    9.6912915372312582e+01 0. 4.7956892682669286e+02 0.
    1.0856134141007429e+02 3.5949694218040611e+02 0. 0. 1.</data></intrinsic>
<distortion type_id="opencv-matrix">
  <rows>1</rows>
  <cols>5</cols>
  <dt>d</dt>
  <data>
    -2.7648911771404355e-02 7.1373194236629435e-05
    1.2944154271337617e-02 1.0163546312108212e-03 8.3408871591318540e-07</data></distortion>
</opencv_storage>
