<?xml version="1.0"?>
<opencv_storage>
<intrinsic type_id="opencv-matrix">
  <rows>3</rows>
  <cols>3</cols>
  <dt>d</dt>
  <data>
    9.4505727616298668e+02 0. 4.8456232511051138e+02 0.
    9.4736027779858853e+02 3.5159342061408472e+02 0. 0. 1.</data></intrinsic>
<distortion type_id="opencv-matrix">
  <rows>1</rows>
  <cols>5</cols>
  <dt>d</dt>
  <data>
    9.5155842340504643e-02 -6.5002398462530220e-01
    3.8963227804032097e-03 -3.1005935221893638e-03
    3.7143378565531386e+00</data></distortion>
</opencv_storage>
