<?xml version="1.0"?>
<opencv_storage>
<intrinsic type_id="opencv-matrix">
  <rows>3</rows>
  <cols>3</cols>
  <dt>d</dt>
  <data>
    6.4117301975702048e+01 0. 4.7942412617216047e+02 0.
    9.8784863694754534e+01 3.5947618277083723e+02 0. 0. 1.</data></intrinsic>
<distortion type_id="opencv-matrix">
  <rows>1</rows>
  <cols>5</cols>
  <dt>d</dt>
  <data>
    -1.9027703087793429e-02 6.8087097331553909e-05
    1.0956416512345845e-02 1.4704493806632966e-02
    -8.1154484841029623e-08</data></distortion>
</opencv_storage>
